119,0
319,4
100,4
319,6
100,2
319,3
100,1
100,0
188,3
93,3
93,2
93,1
366,7
93,0
366,3
87,5
87,2
87,1
87,3
87,0
358,3
77,5
77,3
356,3
77,2
77,1
77,0
158,3
71,3
100,5
71,2
100,3
71,1
71,0
307,10
66,3
66,2
307,3
64,5
64,3
318,4
41,5
318,3
41,4
297,5
7,3
297,3
6,10
6,9
6,8
6,11
6,7
6,6
6,5
6,4
427,3
6,3
4,3
2,21
2,19
2,18
2,17
2,16
2,15
2,11
2,10
2,4
2,3
0,575
0,574
0,573
0,571
0,568
0,565
0,508
0,492
0,473
0,465
0,457
0,550
0,513
0,451
0,446
0,436
1,3
0,412
0,561
0,9
0,560
0,1
0,556
0,0
0,510
0,468
0,300
0,454
0,299
0,501
0,298
0,434
0,297
0,458
0,296
0,443
0,295
0,500
0,294
0,535
0,293
0,534
0,292
0,405
0,291
0,527
0,290
0,467
0,289
0,453
0,288
0,509
0,287
0,499
0,286
0,518
0,285
0,541
0,284
0,516
0,283
0,452
0,282
0,479
0,281
0,540
0,280
0,498
0,279
0,491
0,278
0,553
0,277
0,531
0,276
0,488
0,275
0,507
0,274
0,506
0,273
0,437
0,272
0,478
0,271
0,515
0,270
0,514
0,269
0,497
0,268
0,419
0,267
0,388
0,266
0,447
0,265
0,517
0,264
0,496
0,263
0,487
0,262
0,495
0,261
119,1
119,2
119,3
119,5
402,3
120,0
341,3
120,3
397,3
141,1
402,8
141,4
402,7
141,5
141,6
182,6
182,5
148,1
148,2
369,3
148,5
158,0
158,1
400,3
172,1
172,2
435,3
303,3
174,1
174,2
174,3
174,5
326,3
179,1
293,3
179,6
182,0
182,1
184,3
182,7
182,8
352,3
184,1
200,3
184,6
377,3
185,0
354,3
185,3
188,0
191,3
188,2
400,5
188,6
405,3
316,3
191,0
191,2
404,3
198,1
198,2
198,3
200,0
200,1
200,2
200,5
428,3
219,0
219,1
219,2
219,3
254,0
406,3
254,2
406,4
406,5
405,4
258,0
258,1
398,6
258,2
398,9
258,5
262,0
262,2
262,3
266,0
266,1
266,3
270,0
270,1
270,3
270,5
282,1
282,3
282,4
283,0
283,1
283,3
283,4
283,6
287,1
287,2
287,4
287,5
288,0
288,2
288,3
288,5
289,0
289,2
289,3
289,5
290,1
290,2
290,4
290,5
293,1
293,4
293,5
297,1
297,2
301,0
301,1
301,3
303,1
303,2
307,0
307,1
307,4
316,0
316,1
316,4
316,5
316,7
317,0
317,2
317,4
317,5
318,1
318,2
319,0
319,2
319,5
326,1
326,2
339,0
339,2
339,3
339,5
341,0
341,2
341,4
342,0
342,2
342,4
344,0
344,1
344,3
350,0
350,1
350,4
352,0
352,2
352,4
354,1
354,4
356,0
356,2
356,4
358,1
358,4
360,0
360,2
360,3
365,1
365,2
365,5
366,1
366,2
366,8
368,0
368,2
368,6
369,0
369,2
369,4
377,1
377,5
377,6
380,1
380,2
380,5
382,0
382,2
390,0
390,1
390,3
390,4
394,1
394,3
397,0
397,2
397,5
398,1
398,2
400,1
400,4
401,0
401,2
401,3
401,5
402,0
402,1
402,4
402,5
404,0
404,1
404,5
404,7
405,0
405,2
405,5
406,0
406,2
408,0
408,2
408,3
408,5
408,6
408,8
408,10
409,0
409,2
409,3
409,5
414,1
414,2
414,5
415,0
415,2
417,0
417,1
417,3
417,4
418,0
418,1
418,3
420,1
420,2
420,4
421,0
421,2
421,4
421,5
422,0
422,1
422,3
422,4
423,1
423,4
425,0
425,2
425,3
427,0
427,2
428,0
428,2
430,0
430,2
430,4
430,7
435,1
435,2
435,5
435,6
437,0
437,2
437,3
437,6
437,7
437,8
437,5
437,1
435,7
435,4
435,0
430,5
430,1
428,1
427,1
425,4
425,1
423,2
423,0
422,2
421,6
421,3
421,1
420,3
420,0
418,2
417,5
417,2
415,3
415,1
414,4
414,0
409,4
409,1
408,9
408,7
408,4
408,1
406,1
405,7
405,1
404,6
404,2
402,6
402,2
401,6
401,4
401,1
400,2
400,0
398,0
397,1
394,2
394,0
390,2
382,3
382,1
380,4
380,0
377,2
377,0
369,1
368,5
368,1
366,4
366,0
365,4
365,0
360,1
358,2
358,0
356,1
354,2
354,0
352,1
350,2
344,4
344,2
342,5
342,1
341,5
341,1
339,4
339,1
326,5
326,0
319,1
318,5
318,0
317,3
317,1
316,6
316,2
307,11
307,2
303,5
303,0
301,2
297,4
297,0
293,2
293,0
290,3
290,0
289,4
289,1
288,4
288,1
287,12
287,3
287,0
283,5
283,2
282,5
282,2
282,0
270,2
266,5
266,2
262,5
262,1
398,4
258,3
405,6
398,5
398,3
254,3
254,1
219,5
414,3
319,7
430,8
430,3
380,3
423,3
198,0
191,1
188,7
188,4
188,5
188,1
185,2
185,1
184,7
184,2
184,0
350,3
182,2
342,3
179,2
179,0
179,5
179,3
174,0
172,3
172,0
158,2
368,3
148,3
365,3
148,0
182,4
182,3
141,2
141,0
120,2
120,1
119,6
141,3
0,384
0,552
0,260
0,486
0,259
0,539
0,258
0,466
0,257
0,546
0,256
0,533
0,255
0,551
0,254
0,526
0,253
0,416
0,566
0,252
0,494
0,251
0,445
0,250
0,485
0,249
0,377
0,248
0,415
0,555
0,247
0,376
0,246
0,512
0,245
0,525
0,244
0,450
0,242
0,477
0,241
0,371
0,563
0,240
0,538
0,239
0,464
0,562
0,238
0,530
0,237
0,484
0,236
0,459
0,572
0,235
0,449
0,234
0,524
0,233
0,548
0,232
0,505
0,231
0,523
0,230
0,455
0,229
0,444
0,228
0,441
0,227
0,490
0,226
0,356
0,570
0,225
0,476
0,224
0,529
0,223
0,522
0,222
0,393
0,221
0,448
0,220
0,521
0,219
0,504
0,218
0,463
0,217
0,483
0,216
0,520
0,215
0,475
0,214
0,528
0,213
0,545
0,386
0,212
0,342
0,385
0,211
0,474
0,210
0,462
0,209
0,544
0,208
0,338
0,207
0,482
0,206
0,461
0,205
0,335
0,204
0,334
0,203
0,456
0,202
0,469
0,201
0,481
0,200
0,547
0,199
0,489
0,198
0,543
0,197
0,327
0,557
0,196
0,558
0,195
0,503
0,194
0,440
0,193
0,322
0,192
0,460
0,63
0,471
0,62
0,319
0,61
0,318
0,60
0,537
0,59
0,519
0,58
0,542
0,57
0,532
0,56
0,470
0,55
0,314
0,559
0,54
0,411
0,567
0,53
0,480
0,569
0,52
0,439
0,51
0,435
0,564
0,50
0,311
0,554
0,49
0,511
0,48
0,309
0,47
0,502
0,46
0,493
0,45
0,536
0,6
0,5
0,304
0,303
0,306
0,305
0,302
0,549
0,12
0,394
0,10
0,8
0,472
0,11
0,4
0,2
0,3
0,7
